[CONN   1] EMIT  PAQUET_APPEL                  : 00000001  00001011  11011100  00001011
[CONN   1] EMIT  DONNEES ps=0 pr=0 M=0         : 00000001  00000000  01000010  01101111  01101110  01101010  01101111  01110101  01110010  00101100  00100000  01100011  01100101  01100011  01101001  00100000  01100101  01110011  01110100  00100000  01101100  01100101  00100000  01110000  01110010  01100101  01101101  01101001  01100101  01110010  00100000  01101101  01100101  01110011  01110011  01100001  01100111  01100101  00100000  01100011  01101111  01110101  01110010  01110100  00101110
[CONN   1] EMIT  LIBERATION                    : 00000001  00010011  11011100  00001011  00000000
[CONN   2] EMIT  PAQUET_APPEL                  : 00000010  00001011  11100011  00000010
[CONN   2] EMIT  DONNEES ps=0 pr=0 M=1         : 00000010  00010000  01010011  01000101  01000111  01001101  01000101  01001110  01010100  01011111  01010100  01000101  01010011  01010100  00111010  00100000  01011000  01011000  01011000  01011000  01011000  01011000  01011000  01011000  01011000  01011000  01011000  01011000  01011000  01011000  01011000  01011000  01011000  01011000  01011000  01011000  01011000  01011000  01011000  01011000  01011000  01011000  01011000  01011000  01011000  01011000  01011000  01011000  01011000  01011000  01011000  01011000  01011000  01011000  01011000  01011000  01011000  01011000  01011000  01011000  01011000  01011000  01011000  01011000  01011000  01011000  01011000  01011000  01011000  01011000  01011000  01011000  01011000  01011000  01011000  01011000  01011000  01011000  01011000  01011000  01011000  01011000  01011000  01011000  01011000  01011000  01011000  01011000  01011000  01011000  01011000  01011000  01011000  01011000  01011000  01011000  01011000  01011000  01011000  01011000  01011000  01011000  01011000  01011000  01011000  01011000  01011000  01011000  01011000  01011000  01011000  01011000  01011000  01011000  01011000  01011000  01011000  01011000  01011000  01011000  01011000  01011000  01011000  01011000  01011000  01011000  01011000  01011000  01011000  01011000
[CONN   2] EMIT  DONNEES ps=1 pr=0 M=1         : 00000010  00010010  01011000  01011000  01011000  01011000  01011000  01011000  01011000  01011000  01011000  01011000  01011000  01011000  01011000  01011000  01011000  01011000  01011000  01011000  01011000  01011000  01011000  01011000  01011000  01011000  01011000  01011000  01011000  01011000  01011000  01011000  01011000  01011000  01011000  01011000  01011000  01011000  01011000  01011000  01011000  01011000  01011000  01011000  01011000  01011000  01011000  01011000  01011000  01011000  01011000  01011000  01011000  01011000  01011000  01011000  01011000  01011000  01011000  01011000  01011000  01011000  01011000  01011000  01011000  01011000  01011000  01011000  01011000  01011000  01011000  01011000  01011000  01011000  01011000  01011000  01011000  01011000  01011000  01011000  01011000  01011000  01011000  01011000  01011000  01011000  01011000  01011000  01011000  01011000  01011000  01011000  01011000  01011000  01011000  01011000  01011000  01011000  01011000  01011000  01011000  01011000  01011000  01011000  01011000  01011000  01011000  01011000  01011000  01011000  01011000  01011000  01011000  01011000  01011000  01011000  01011000  01011000  01011000  01011000  01011000  01011000  01011000  01011000  01011000  01011000  01011000  01011000  01011000  01011000
[CONN   2] EMIT  DONNEES ps=2 pr=0 M=0         : 00000010  00000100  01011000  01011000  01011000  01011000  01011000  01011000  01011000  01011000  01011000  01011000  01011000  01011000  01011000  01011000  01011000  01011000  01011000  01011000  01011000  01011000  01011000  01011000  01011000  01011000  01011000  01011000  01011000  01011000  01011000  01011000  01011000  01011000  01011000  01011000  01011000  01011000  01011000  01011000  01011000  01011000  01011000  01011000  01011000  01011000  01011000  01011000  01011000  01011000  01011000  01011000  01011000  01011000  01011000  01011000
[CONN   2] EMIT  LIBERATION                    : 00000010  00010011  11100011  00000010  00000000
[CONN   3] EMIT  PAQUET_APPEL                  : 00000011  00001011  11111000  10001101
[CONN   3] EMIT  DONNEES ps=0 pr=0 M=0         : 00000011  00000000  01000001  01000001  01000001  01000001  01000001  01000001  01000001  01000001  01000001  01000001  01000001  01000001  01000001  01000001  01000001  01000001  01000001  01000001  01000001  01000001  01000001  01000001  01000001  01000001  01000001  01000001  01000001  01000001  01000001  01000001  01000001  01000001  01000001  01000001  01000001  01000001  01000001  01000001  01000001  01000001  01000001  01000001  01000001  01000001  01000001  01000001  01000001  01000001  01000001  01000001  01000001  01000001  01000001  01000001  01000001  01000001  01000001  01000001  01000001  01000001  01000001  01000001  01000001  01000001  01000001  01000001  01000001  01000001  01000001  01000001  01000001  01000001  01000001  01000001  01000001  01000001  01000001  01000001  01000001  01000001  01000001  01000001  01000001  01000001  01000001  01000001  01000001  01000001  01000001  01000001  01000001  01000001  01000001  01000001  01000001  01000001  01000001  01000001  01000001  01000001  01000001  01000001  01000001  01000001  01000001  01000001  01000001  01000001  01000001  01000001  01000001  01000001  01000001  01000001  01000001  01000001  01000001  01000001  01000001  01000001  01000001  01000001  01000001  01000001  01000001  01000001  01000001  01000001
[CONN   3] EMIT  LIBERATION                    : 00000011  00010011  11111000  10001101  00000000
[CONN   4] EMIT  PAQUET_APPEL                  : 00000100  00001011  10011100  11010000
[CONN   5] EMIT  PAQUET_APPEL                  : 00000101  00001011  11100010  01010010
[CONN   5] EMIT  DONNEES ps=0 pr=0 M=0         : 00000101  00000000  01001111  01001011
[CONN   5] EMIT  LIBERATION                    : 00000101  00010011  11100010  01010010  00000000
